01100011
00110001
00011111
00110011
00001100
00010001
01111000
01111001
01001001
00001000
00011110
00101101
01101000
00000010
00000101
00010101
01010010
01011101
01010010
00111001
01000101
00100110
01011111
00011000
01010111
00010111
00101111
01001111
01100011
00001010
01110110
01100011
00111110
00110111
00111001
00100111
01000001
01000001
01101000
01100101
01010010
00110000
01100111
01000100
00101101
01110111
01101111
01000110
01001111
01001011
00011010
00100110
00111100
00011101
01101011
00011001
00011101
00010110
00011101
00110111
00101000
01110101
00110111
00010111
01110011
01111100
00111000
00001110
00100001
00110100
01001100
00100001
01001101
01011010
00011100
00001111
00100110
00101000
00110110
01000000
00001011
00100001
01100110
00000100
01110110
01011101
00111110
01001001
00011110
00111010
01111010
01000101
01000010
00011101
00111110
01001111
01010110
00110010
00101111
01111101
00000101
01110000
01110100
01100101
00001101
00100001
00101011
01010110
00010001
01011100
00001110
01010011
00111111
01100011
01011011
01110011
01110001
00101010
01011001
00011001
00000100
01011110
01000000
00111101
01110011
01001101
01001110
01101101
01100110
01001001
00010111
00011110
01110001
00000100
00111110
00010101
01111100
01011011
01000000
00111100
00001000
01010111
00000101
00001001
01000010
00001100
01101000
01101000
01011100
00010011
01010100
01000010
01111100
01010010
01100110
00111010
00110111
01101001
00001011
00010001
