000000101000111000
000000010111101000
000001000011000100
000001000000101000
000000110010010001
000000100000001010
000000111101111101
000000110110101110
000001001100101011
000000110110000111
000001111011100100
000001110010101100
000000011011111100
000000001110101000
000000101101111010
000000100001001000
000000110110011100
000000110001110001
000001000100010011
000000111000110101
000000110010100000
000000110011110101
000000111010101111
000000101110000110
000001011101001101
000001011000111001
000001110001000011
000001011110000100
000000011111101011
000000011001110011
000000101110101000
000000011100000110
000000101000000000
000000110010000101
000000110101111010
000000010111000011
000000101010100011
000000110001101110
000000111001110110
000000011001000110
000001001111101001
000001011111111111
000001101000010100
000000101010000101
000000100100110001
000000100011111110
000000100001001010
000000010111101011
000000011001000101
000001000010001011
000001000100101011
000001001100100100
000000100111011101
000001000001101010
000001000000001000
000001001011011100
000000111111110000
000001111011000001
000001111110111000
000010001101100010
000000011101110000
000000100011001100
000000101100100001
000000100011110000
000001010001010010
000000011100110000
000000110100010110
000000100100100111
000001000100010001
000000011010111100
000000110001000010
000000100110001111
000010001010011110
000000101000010000
000001011000001000
000000111101011000
000000110001111110
000000001111111101
000000100010111111
000000011000100100
